f=[5.826614825089449e+02,0,2.920501496790378e+02;0,5.810628739063893e+02,2.172835142115272e+02;0,0,1];
f = [f [0 0 0]'];

pix = f*[0 0 10 1]';
%pix = f*[-2.8 2 6.15 1]';
[pix(1)/pix(3) pix(2)/pix(3)]'